35.31001  35.31001  35.31001
35.31001  35.31001  67.68333
35.31001  67.68333  35.31001
35.31001  67.68333  67.68333
67.68333  35.31001  35.31001
67.68333  35.31001  67.68333
67.68333  67.68333  35.31001
67.68333  67.68333  67.68333
35.31001  35.31001  39.08541
35.31001  67.68333  39.08541
67.68333  35.31001  39.08541
67.68333  67.68333  39.08541
35.31001  35.31001  43.17083
35.31001  67.68333  43.17083
67.68333  35.31001  43.17083
67.68333  67.68333  43.17083
35.31001  35.31001  47.25625
35.31001  67.68333  47.25625
67.68333  35.31001  47.25625
67.68333  67.68333  47.25625
35.31001  35.31001  51.34166
35.31001  67.68333  51.34166
67.68333  35.31001  51.34166
67.68333  67.68333  51.34166
35.31001  35.31001  55.42708
35.31001  67.68333  55.42708
67.68333  35.31001  55.42708
67.68333  67.68333  55.42708
35.31001  35.31001  59.51250
35.31001  67.68333  59.51250
67.68333  35.31001  59.51250
67.68333  67.68333  59.51250
35.31001  35.31001  63.59791
35.31001  67.68333  63.59791
67.68333  35.31001  63.59791
67.68333  67.68333  63.59791
35.31001  39.08541  35.31001
35.31001  39.08541  67.68333
67.68333  39.08541  35.31001
67.68333  39.08541  67.68333
35.31001  39.08541  39.08541
67.68333  39.08541  39.08541
35.31001  39.08541  43.17083
67.68333  39.08541  43.17083
35.31001  39.08541  47.25625
67.68333  39.08541  47.25625
35.31001  39.08541  51.34166
67.68333  39.08541  51.34166
35.31001  39.08541  55.42708
67.68333  39.08541  55.42708
35.31001  39.08541  59.51250
67.68333  39.08541  59.51250
35.31001  39.08541  63.59791
67.68333  39.08541  63.59791
35.31001  43.17083  35.31001
35.31001  43.17083  67.68333
67.68333  43.17083  35.31001
67.68333  43.17083  67.68333
35.31001  43.17083  39.08541
67.68333  43.17083  39.08541
35.31001  43.17083  43.17083
67.68333  43.17083  43.17083
35.31001  43.17083  47.25625
67.68333  43.17083  47.25625
35.31001  43.17083  51.34166
67.68333  43.17083  51.34166
35.31001  43.17083  55.42708
67.68333  43.17083  55.42708
35.31001  43.17083  59.51250
67.68333  43.17083  59.51250
35.31001  43.17083  63.59791
67.68333  43.17083  63.59791
35.31001  47.25625  35.31001
35.31001  47.25625  67.68333
67.68333  47.25625  35.31001
67.68333  47.25625  67.68333
35.31001  47.25625  39.08541
67.68333  47.25625  39.08541
35.31001  47.25625  43.17083
67.68333  47.25625  43.17083
35.31001  47.25625  47.25625
67.68333  47.25625  47.25625
35.31001  47.25625  51.34166
67.68333  47.25625  51.34166
35.31001  47.25625  55.42708
67.68333  47.25625  55.42708
35.31001  47.25625  59.51250
67.68333  47.25625  59.51250
35.31001  47.25625  63.59791
67.68333  47.25625  63.59791
35.31001  51.34166  35.31001
35.31001  51.34166  67.68333
67.68333  51.34166  35.31001
67.68333  51.34166  67.68333
35.31001  51.34166  39.08541
67.68333  51.34166  39.08541
35.31001  51.34166  43.17083
67.68333  51.34166  43.17083
35.31001  51.34166  47.25625
67.68333  51.34166  47.25625
35.31001  51.34166  51.34166
67.68333  51.34166  51.34166
35.31001  51.34166  55.42708
67.68333  51.34166  55.42708
35.31001  51.34166  59.51250
67.68333  51.34166  59.51250
35.31001  51.34166  63.59791
67.68333  51.34166  63.59791
35.31001  55.42708  35.31001
35.31001  55.42708  67.68333
67.68333  55.42708  35.31001
67.68333  55.42708  67.68333
35.31001  55.42708  39.08541
67.68333  55.42708  39.08541
35.31001  55.42708  43.17083
67.68333  55.42708  43.17083
35.31001  55.42708  47.25625
67.68333  55.42708  47.25625
35.31001  55.42708  51.34166
67.68333  55.42708  51.34166
35.31001  55.42708  55.42708
67.68333  55.42708  55.42708
35.31001  55.42708  59.51250
67.68333  55.42708  59.51250
35.31001  55.42708  63.59791
67.68333  55.42708  63.59791
35.31001  59.51250  35.31001
35.31001  59.51250  67.68333
67.68333  59.51250  35.31001
67.68333  59.51250  67.68333
35.31001  59.51250  39.08541
67.68333  59.51250  39.08541
35.31001  59.51250  43.17083
67.68333  59.51250  43.17083
35.31001  59.51250  47.25625
67.68333  59.51250  47.25625
35.31001  59.51250  51.34166
67.68333  59.51250  51.34166
35.31001  59.51250  55.42708
67.68333  59.51250  55.42708
35.31001  59.51250  59.51250
67.68333  59.51250  59.51250
35.31001  59.51250  63.59791
67.68333  59.51250  63.59791
35.31001  63.59791  35.31001
35.31001  63.59791  67.68333
67.68333  63.59791  35.31001
67.68333  63.59791  67.68333
35.31001  63.59791  39.08541
67.68333  63.59791  39.08541
35.31001  63.59791  43.17083
67.68333  63.59791  43.17083
35.31001  63.59791  47.25625
67.68333  63.59791  47.25625
35.31001  63.59791  51.34166
67.68333  63.59791  51.34166
35.31001  63.59791  55.42708
67.68333  63.59791  55.42708
35.31001  63.59791  59.51250
67.68333  63.59791  59.51250
35.31001  63.59791  63.59791
67.68333  63.59791  63.59791
39.08541  35.31001  35.31001
39.08541  35.31001  67.68333
39.08541  67.68333  35.31001
39.08541  67.68333  67.68333
39.08541  35.31001  39.08541
39.08541  67.68333  39.08541
39.08541  35.31001  43.17083
39.08541  67.68333  43.17083
39.08541  35.31001  47.25625
39.08541  67.68333  47.25625
39.08541  35.31001  51.34166
39.08541  67.68333  51.34166
39.08541  35.31001  55.42708
39.08541  67.68333  55.42708
39.08541  35.31001  59.51250
39.08541  67.68333  59.51250
39.08541  35.31001  63.59791
39.08541  67.68333  63.59791
39.08541  39.08541  35.31001
39.08541  39.08541  67.68333
39.08541  39.08541  39.08541
39.08541  39.08541  43.17083
39.08541  39.08541  47.25625
39.08541  39.08541  51.34166
39.08541  39.08541  55.42708
39.08541  39.08541  59.51250
39.08541  39.08541  63.59791
39.08541  43.17083  35.31001
39.08541  43.17083  67.68333
39.08541  43.17083  39.08541
39.08541  43.17083  43.17083
39.08541  43.17083  47.25625
39.08541  43.17083  51.34166
39.08541  43.17083  55.42708
39.08541  43.17083  59.51250
39.08541  43.17083  63.59791
39.08541  47.25625  35.31001
39.08541  47.25625  67.68333
39.08541  47.25625  39.08541
39.08541  47.25625  43.17083
39.08541  47.25625  47.25625
39.08541  47.25625  51.34166
39.08541  47.25625  55.42708
39.08541  47.25625  59.51250
39.08541  47.25625  63.59791
39.08541  51.34166  35.31001
39.08541  51.34166  67.68333
39.08541  51.34166  39.08541
39.08541  51.34166  43.17083
39.08541  51.34166  47.25625
39.08541  51.34166  51.34166
39.08541  51.34166  55.42708
39.08541  51.34166  59.51250
39.08541  51.34166  63.59791
39.08541  55.42708  35.31001
39.08541  55.42708  67.68333
39.08541  55.42708  39.08541
39.08541  55.42708  43.17083
39.08541  55.42708  47.25625
39.08541  55.42708  51.34166
39.08541  55.42708  55.42708
39.08541  55.42708  59.51250
39.08541  55.42708  63.59791
39.08541  59.51250  35.31001
39.08541  59.51250  67.68333
39.08541  59.51250  39.08541
39.08541  59.51250  43.17083
39.08541  59.51250  47.25625
39.08541  59.51250  51.34166
39.08541  59.51250  55.42708
39.08541  59.51250  59.51250
39.08541  59.51250  63.59791
39.08541  63.59791  35.31001
39.08541  63.59791  67.68333
39.08541  63.59791  39.08541
39.08541  63.59791  43.17083
39.08541  63.59791  47.25625
39.08541  63.59791  51.34166
39.08541  63.59791  55.42708
39.08541  63.59791  59.51250
39.08541  63.59791  63.59791
43.17083  35.31001  35.31001
43.17083  35.31001  67.68333
43.17083  67.68333  35.31001
43.17083  67.68333  67.68333
43.17083  35.31001  39.08541
43.17083  67.68333  39.08541
43.17083  35.31001  43.17083
43.17083  67.68333  43.17083
43.17083  35.31001  47.25625
43.17083  67.68333  47.25625
43.17083  35.31001  51.34166
43.17083  67.68333  51.34166
43.17083  35.31001  55.42708
43.17083  67.68333  55.42708
43.17083  35.31001  59.51250
43.17083  67.68333  59.51250
43.17083  35.31001  63.59791
43.17083  67.68333  63.59791
43.17083  39.08541  35.31001
43.17083  39.08541  67.68333
43.17083  39.08541  39.08541
43.17083  39.08541  43.17083
43.17083  39.08541  47.25625
43.17083  39.08541  51.34166
43.17083  39.08541  55.42708
43.17083  39.08541  59.51250
43.17083  39.08541  63.59791
43.17083  43.17083  35.31001
43.17083  43.17083  67.68333
43.17083  43.17083  39.08541
43.17083  43.17083  43.17083
43.17083  43.17083  47.25625
43.17083  43.17083  51.34166
43.17083  43.17083  55.42708
43.17083  43.17083  59.51250
43.17083  43.17083  63.59791
43.17083  47.25625  35.31001
43.17083  47.25625  67.68333
43.17083  47.25625  39.08541
43.17083  47.25625  43.17083
43.17083  47.25625  47.25625
43.17083  47.25625  51.34166
43.17083  47.25625  55.42708
43.17083  47.25625  59.51250
43.17083  47.25625  63.59791
43.17083  51.34166  35.31001
43.17083  51.34166  67.68333
43.17083  51.34166  39.08541
43.17083  51.34166  43.17083
43.17083  51.34166  47.25625
43.17083  51.34166  51.34166
43.17083  51.34166  55.42708
43.17083  51.34166  59.51250
43.17083  51.34166  63.59791
43.17083  55.42708  35.31001
43.17083  55.42708  67.68333
43.17083  55.42708  39.08541
43.17083  55.42708  43.17083
43.17083  55.42708  47.25625
43.17083  55.42708  51.34166
43.17083  55.42708  55.42708
43.17083  55.42708  59.51250
43.17083  55.42708  63.59791
43.17083  59.51250  35.31001
43.17083  59.51250  67.68333
43.17083  59.51250  39.08541
43.17083  59.51250  43.17083
43.17083  59.51250  47.25625
43.17083  59.51250  51.34166
43.17083  59.51250  55.42708
43.17083  59.51250  59.51250
43.17083  59.51250  63.59791
43.17083  63.59791  35.31001
43.17083  63.59791  67.68333
43.17083  63.59791  39.08541
43.17083  63.59791  43.17083
43.17083  63.59791  47.25625
43.17083  63.59791  51.34166
43.17083  63.59791  55.42708
43.17083  63.59791  59.51250
43.17083  63.59791  63.59791
47.25625  35.31001  35.31001
47.25625  35.31001  67.68333
47.25625  67.68333  35.31001
47.25625  67.68333  67.68333
47.25625  35.31001  39.08541
47.25625  67.68333  39.08541
47.25625  35.31001  43.17083
47.25625  67.68333  43.17083
47.25625  35.31001  47.25625
47.25625  67.68333  47.25625
47.25625  35.31001  51.34166
47.25625  67.68333  51.34166
47.25625  35.31001  55.42708
47.25625  67.68333  55.42708
47.25625  35.31001  59.51250
47.25625  67.68333  59.51250
47.25625  35.31001  63.59791
47.25625  67.68333  63.59791
47.25625  39.08541  35.31001
47.25625  39.08541  67.68333
47.25625  39.08541  39.08541
47.25625  39.08541  43.17083
47.25625  39.08541  47.25625
47.25625  39.08541  51.34166
47.25625  39.08541  55.42708
47.25625  39.08541  59.51250
47.25625  39.08541  63.59791
47.25625  43.17083  35.31001
47.25625  43.17083  67.68333
47.25625  43.17083  39.08541
47.25625  43.17083  43.17083
47.25625  43.17083  47.25625
47.25625  43.17083  51.34166
47.25625  43.17083  55.42708
47.25625  43.17083  59.51250
47.25625  43.17083  63.59791
47.25625  47.25625  35.31001
47.25625  47.25625  67.68333
47.25625  47.25625  39.08541
47.25625  47.25625  43.17083
47.25625  47.25625  47.25625
47.25625  47.25625  51.34166
47.25625  47.25625  55.42708
47.25625  47.25625  59.51250
47.25625  47.25625  63.59791
47.25625  51.34166  35.31001
47.25625  51.34166  67.68333
47.25625  51.34166  39.08541
47.25625  51.34166  43.17083
47.25625  51.34166  47.25625
47.25625  51.34166  51.34166
47.25625  51.34166  55.42708
47.25625  51.34166  59.51250
47.25625  51.34166  63.59791
47.25625  55.42708  35.31001
47.25625  55.42708  67.68333
47.25625  55.42708  39.08541
47.25625  55.42708  43.17083
47.25625  55.42708  47.25625
47.25625  55.42708  51.34166
47.25625  55.42708  55.42708
47.25625  55.42708  59.51250
47.25625  55.42708  63.59791
47.25625  59.51250  35.31001
47.25625  59.51250  67.68333
47.25625  59.51250  39.08541
47.25625  59.51250  43.17083
47.25625  59.51250  47.25625
47.25625  59.51250  51.34166
47.25625  59.51250  55.42708
47.25625  59.51250  59.51250
47.25625  59.51250  63.59791
47.25625  63.59791  35.31001
47.25625  63.59791  67.68333
47.25625  63.59791  39.08541
47.25625  63.59791  43.17083
47.25625  63.59791  47.25625
47.25625  63.59791  51.34166
47.25625  63.59791  55.42708
47.25625  63.59791  59.51250
47.25625  63.59791  63.59791
51.34166  35.31001  35.31001
51.34166  35.31001  67.68333
51.34166  67.68333  35.31001
51.34166  67.68333  67.68333
51.34166  35.31001  39.08541
51.34166  67.68333  39.08541
51.34166  35.31001  43.17083
51.34166  67.68333  43.17083
51.34166  35.31001  47.25625
51.34166  67.68333  47.25625
51.34166  35.31001  51.34166
51.34166  67.68333  51.34166
51.34166  35.31001  55.42708
51.34166  67.68333  55.42708
51.34166  35.31001  59.51250
51.34166  67.68333  59.51250
51.34166  35.31001  63.59791
51.34166  67.68333  63.59791
51.34166  39.08541  35.31001
51.34166  39.08541  67.68333
51.34166  39.08541  39.08541
51.34166  39.08541  43.17083
51.34166  39.08541  47.25625
51.34166  39.08541  51.34166
51.34166  39.08541  55.42708
51.34166  39.08541  59.51250
51.34166  39.08541  63.59791
51.34166  43.17083  35.31001
51.34166  43.17083  67.68333
51.34166  43.17083  39.08541
51.34166  43.17083  43.17083
51.34166  43.17083  47.25625
51.34166  43.17083  51.34166
51.34166  43.17083  55.42708
51.34166  43.17083  59.51250
51.34166  43.17083  63.59791
51.34166  47.25625  35.31001
51.34166  47.25625  67.68333
51.34166  47.25625  39.08541
51.34166  47.25625  43.17083
51.34166  47.25625  47.25625
51.34166  47.25625  51.34166
51.34166  47.25625  55.42708
51.34166  47.25625  59.51250
51.34166  47.25625  63.59791
51.34166  51.34166  35.31001
51.34166  51.34166  67.68333
51.34166  51.34166  39.08541
51.34166  51.34166  43.17083
51.34166  51.34166  47.25625
51.34166  51.34166  51.34166
51.34166  51.34166  55.42708
51.34166  51.34166  59.51250
51.34166  51.34166  63.59791
51.34166  55.42708  35.31001
51.34166  55.42708  67.68333
51.34166  55.42708  39.08541
51.34166  55.42708  43.17083
51.34166  55.42708  47.25625
51.34166  55.42708  51.34166
51.34166  55.42708  55.42708
51.34166  55.42708  59.51250
51.34166  55.42708  63.59791
51.34166  59.51250  35.31001
51.34166  59.51250  67.68333
51.34166  59.51250  39.08541
51.34166  59.51250  43.17083
51.34166  59.51250  47.25625
51.34166  59.51250  51.34166
51.34166  59.51250  55.42708
51.34166  59.51250  59.51250
51.34166  59.51250  63.59791
51.34166  63.59791  35.31001
51.34166  63.59791  67.68333
51.34166  63.59791  39.08541
51.34166  63.59791  43.17083
51.34166  63.59791  47.25625
51.34166  63.59791  51.34166
51.34166  63.59791  55.42708
51.34166  63.59791  59.51250
51.34166  63.59791  63.59791
55.42708  35.31001  35.31001
55.42708  35.31001  67.68333
55.42708  67.68333  35.31001
55.42708  67.68333  67.68333
55.42708  35.31001  39.08541
55.42708  67.68333  39.08541
55.42708  35.31001  43.17083
55.42708  67.68333  43.17083
55.42708  35.31001  47.25625
55.42708  67.68333  47.25625
55.42708  35.31001  51.34166
55.42708  67.68333  51.34166
55.42708  35.31001  55.42708
55.42708  67.68333  55.42708
55.42708  35.31001  59.51250
55.42708  67.68333  59.51250
55.42708  35.31001  63.59791
55.42708  67.68333  63.59791
55.42708  39.08541  35.31001
55.42708  39.08541  67.68333
55.42708  39.08541  39.08541
55.42708  39.08541  43.17083
55.42708  39.08541  47.25625
55.42708  39.08541  51.34166
55.42708  39.08541  55.42708
55.42708  39.08541  59.51250
55.42708  39.08541  63.59791
55.42708  43.17083  35.31001
55.42708  43.17083  67.68333
55.42708  43.17083  39.08541
55.42708  43.17083  43.17083
55.42708  43.17083  47.25625
55.42708  43.17083  51.34166
55.42708  43.17083  55.42708
55.42708  43.17083  59.51250
55.42708  43.17083  63.59791
55.42708  47.25625  35.31001
55.42708  47.25625  67.68333
55.42708  47.25625  39.08541
55.42708  47.25625  43.17083
55.42708  47.25625  47.25625
55.42708  47.25625  51.34166
55.42708  47.25625  55.42708
55.42708  47.25625  59.51250
55.42708  47.25625  63.59791
55.42708  51.34166  35.31001
55.42708  51.34166  67.68333
55.42708  51.34166  39.08541
55.42708  51.34166  43.17083
55.42708  51.34166  47.25625
55.42708  51.34166  51.34166
55.42708  51.34166  55.42708
55.42708  51.34166  59.51250
55.42708  51.34166  63.59791
55.42708  55.42708  35.31001
55.42708  55.42708  67.68333
55.42708  55.42708  39.08541
55.42708  55.42708  43.17083
55.42708  55.42708  47.25625
55.42708  55.42708  51.34166
55.42708  55.42708  55.42708
55.42708  55.42708  59.51250
55.42708  55.42708  63.59791
55.42708  59.51250  35.31001
55.42708  59.51250  67.68333
55.42708  59.51250  39.08541
55.42708  59.51250  43.17083
55.42708  59.51250  47.25625
55.42708  59.51250  51.34166
55.42708  59.51250  55.42708
55.42708  59.51250  59.51250
55.42708  59.51250  63.59791
55.42708  63.59791  35.31001
55.42708  63.59791  67.68333
55.42708  63.59791  39.08541
55.42708  63.59791  43.17083
55.42708  63.59791  47.25625
55.42708  63.59791  51.34166
55.42708  63.59791  55.42708
55.42708  63.59791  59.51250
55.42708  63.59791  63.59791
59.51250  35.31001  35.31001
59.51250  35.31001  67.68333
59.51250  67.68333  35.31001
59.51250  67.68333  67.68333
59.51250  35.31001  39.08541
59.51250  67.68333  39.08541
59.51250  35.31001  43.17083
59.51250  67.68333  43.17083
59.51250  35.31001  47.25625
59.51250  67.68333  47.25625
59.51250  35.31001  51.34166
59.51250  67.68333  51.34166
59.51250  35.31001  55.42708
59.51250  67.68333  55.42708
59.51250  35.31001  59.51250
59.51250  67.68333  59.51250
59.51250  35.31001  63.59791
59.51250  67.68333  63.59791
59.51250  39.08541  35.31001
59.51250  39.08541  67.68333
59.51250  39.08541  39.08541
59.51250  39.08541  43.17083
59.51250  39.08541  47.25625
59.51250  39.08541  51.34166
59.51250  39.08541  55.42708
59.51250  39.08541  59.51250
59.51250  39.08541  63.59791
59.51250  43.17083  35.31001
59.51250  43.17083  67.68333
59.51250  43.17083  39.08541
59.51250  43.17083  43.17083
59.51250  43.17083  47.25625
59.51250  43.17083  51.34166
59.51250  43.17083  55.42708
59.51250  43.17083  59.51250
59.51250  43.17083  63.59791
59.51250  47.25625  35.31001
59.51250  47.25625  67.68333
59.51250  47.25625  39.08541
59.51250  47.25625  43.17083
59.51250  47.25625  47.25625
59.51250  47.25625  51.34166
59.51250  47.25625  55.42708
59.51250  47.25625  59.51250
59.51250  47.25625  63.59791
59.51250  51.34166  35.31001
59.51250  51.34166  67.68333
59.51250  51.34166  39.08541
59.51250  51.34166  43.17083
59.51250  51.34166  47.25625
59.51250  51.34166  51.34166
59.51250  51.34166  55.42708
59.51250  51.34166  59.51250
59.51250  51.34166  63.59791
59.51250  55.42708  35.31001
59.51250  55.42708  67.68333
59.51250  55.42708  39.08541
59.51250  55.42708  43.17083
59.51250  55.42708  47.25625
59.51250  55.42708  51.34166
59.51250  55.42708  55.42708
59.51250  55.42708  59.51250
59.51250  55.42708  63.59791
59.51250  59.51250  35.31001
59.51250  59.51250  67.68333
59.51250  59.51250  39.08541
59.51250  59.51250  43.17083
59.51250  59.51250  47.25625
59.51250  59.51250  51.34166
59.51250  59.51250  55.42708
59.51250  59.51250  59.51250
59.51250  59.51250  63.59791
59.51250  63.59791  35.31001
59.51250  63.59791  67.68333
59.51250  63.59791  39.08541
59.51250  63.59791  43.17083
59.51250  63.59791  47.25625
59.51250  63.59791  51.34166
59.51250  63.59791  55.42708
59.51250  63.59791  59.51250
59.51250  63.59791  63.59791
63.59791  35.31001  35.31001
63.59791  35.31001  67.68333
63.59791  67.68333  35.31001
63.59791  67.68333  67.68333
63.59791  35.31001  39.08541
63.59791  67.68333  39.08541
63.59791  35.31001  43.17083
63.59791  67.68333  43.17083
63.59791  35.31001  47.25625
63.59791  67.68333  47.25625
63.59791  35.31001  51.34166
63.59791  67.68333  51.34166
63.59791  35.31001  55.42708
63.59791  67.68333  55.42708
63.59791  35.31001  59.51250
63.59791  67.68333  59.51250
63.59791  35.31001  63.59791
63.59791  67.68333  63.59791
63.59791  39.08541  35.31001
63.59791  39.08541  67.68333
63.59791  39.08541  39.08541
63.59791  39.08541  43.17083
63.59791  39.08541  47.25625
63.59791  39.08541  51.34166
63.59791  39.08541  55.42708
63.59791  39.08541  59.51250
63.59791  39.08541  63.59791
63.59791  43.17083  35.31001
63.59791  43.17083  67.68333
63.59791  43.17083  39.08541
63.59791  43.17083  43.17083
63.59791  43.17083  47.25625
63.59791  43.17083  51.34166
63.59791  43.17083  55.42708
63.59791  43.17083  59.51250
63.59791  43.17083  63.59791
63.59791  47.25625  35.31001
63.59791  47.25625  67.68333
63.59791  47.25625  39.08541
63.59791  47.25625  43.17083
63.59791  47.25625  47.25625
63.59791  47.25625  51.34166
63.59791  47.25625  55.42708
63.59791  47.25625  59.51250
63.59791  47.25625  63.59791
63.59791  51.34166  35.31001
63.59791  51.34166  67.68333
63.59791  51.34166  39.08541
63.59791  51.34166  43.17083
63.59791  51.34166  47.25625
63.59791  51.34166  51.34166
63.59791  51.34166  55.42708
63.59791  51.34166  59.51250
63.59791  51.34166  63.59791
63.59791  55.42708  35.31001
63.59791  55.42708  67.68333
63.59791  55.42708  39.08541
63.59791  55.42708  43.17083
63.59791  55.42708  47.25625
63.59791  55.42708  51.34166
63.59791  55.42708  55.42708
63.59791  55.42708  59.51250
63.59791  55.42708  63.59791
63.59791  59.51250  35.31001
63.59791  59.51250  67.68333
63.59791  59.51250  39.08541
63.59791  59.51250  43.17083
63.59791  59.51250  47.25625
63.59791  59.51250  51.34166
63.59791  59.51250  55.42708
63.59791  59.51250  59.51250
63.59791  59.51250  63.59791
63.59791  63.59791  35.31001
63.59791  63.59791  67.68333
63.59791  63.59791  39.08541
63.59791  63.59791  43.17083
63.59791  63.59791  47.25625
63.59791  63.59791  51.34166
63.59791  63.59791  55.42708
63.59791  63.59791  59.51250
63.59791  63.59791  63.59791
35.31001  37.04271  37.04271
67.68333  37.04271  37.04271
35.31001  37.04271  41.12812
67.68333  37.04271  41.12812
35.31001  37.04271  45.21354
67.68333  37.04271  45.21354
35.31001  37.04271  49.29895
67.68333  37.04271  49.29895
35.31001  37.04271  53.38437
67.68333  37.04271  53.38437
35.31001  37.04271  57.46979
67.68333  37.04271  57.46979
35.31001  37.04271  61.55520
67.68333  37.04271  61.55520
35.31001  37.04271  65.64062
67.68333  37.04271  65.64062
35.31001  41.12812  37.04271
67.68333  41.12812  37.04271
35.31001  41.12812  41.12812
67.68333  41.12812  41.12812
35.31001  41.12812  45.21354
67.68333  41.12812  45.21354
35.31001  41.12812  49.29895
67.68333  41.12812  49.29895
35.31001  41.12812  53.38437
67.68333  41.12812  53.38437
35.31001  41.12812  57.46979
67.68333  41.12812  57.46979
35.31001  41.12812  61.55520
67.68333  41.12812  61.55520
35.31001  41.12812  65.64062
67.68333  41.12812  65.64062
35.31001  45.21354  37.04271
67.68333  45.21354  37.04271
35.31001  45.21354  41.12812
67.68333  45.21354  41.12812
35.31001  45.21354  45.21354
67.68333  45.21354  45.21354
35.31001  45.21354  49.29895
67.68333  45.21354  49.29895
35.31001  45.21354  53.38437
67.68333  45.21354  53.38437
35.31001  45.21354  57.46979
67.68333  45.21354  57.46979
35.31001  45.21354  61.55520
67.68333  45.21354  61.55520
35.31001  45.21354  65.64062
67.68333  45.21354  65.64062
35.31001  49.29895  37.04271
67.68333  49.29895  37.04271
35.31001  49.29895  41.12812
67.68333  49.29895  41.12812
35.31001  49.29895  45.21354
67.68333  49.29895  45.21354
35.31001  49.29895  49.29895
67.68333  49.29895  49.29895
35.31001  49.29895  53.38437
67.68333  49.29895  53.38437
35.31001  49.29895  57.46979
67.68333  49.29895  57.46979
35.31001  49.29895  61.55520
67.68333  49.29895  61.55520
35.31001  49.29895  65.64062
67.68333  49.29895  65.64062
35.31001  53.38437  37.04271
67.68333  53.38437  37.04271
35.31001  53.38437  41.12812
67.68333  53.38437  41.12812
35.31001  53.38437  45.21354
67.68333  53.38437  45.21354
35.31001  53.38437  49.29895
67.68333  53.38437  49.29895
35.31001  53.38437  53.38437
67.68333  53.38437  53.38437
35.31001  53.38437  57.46979
67.68333  53.38437  57.46979
35.31001  53.38437  61.55520
67.68333  53.38437  61.55520
35.31001  53.38437  65.64062
67.68333  53.38437  65.64062
35.31001  57.46979  37.04271
67.68333  57.46979  37.04271
35.31001  57.46979  41.12812
67.68333  57.46979  41.12812
35.31001  57.46979  45.21354
67.68333  57.46979  45.21354
35.31001  57.46979  49.29895
67.68333  57.46979  49.29895
35.31001  57.46979  53.38437
67.68333  57.46979  53.38437
35.31001  57.46979  57.46979
67.68333  57.46979  57.46979
35.31001  57.46979  61.55520
67.68333  57.46979  61.55520
35.31001  57.46979  65.64062
67.68333  57.46979  65.64062
35.31001  61.55520  37.04271
67.68333  61.55520  37.04271
35.31001  61.55520  41.12812
67.68333  61.55520  41.12812
35.31001  61.55520  45.21354
67.68333  61.55520  45.21354
35.31001  61.55520  49.29895
67.68333  61.55520  49.29895
35.31001  61.55520  53.38437
67.68333  61.55520  53.38437
35.31001  61.55520  57.46979
67.68333  61.55520  57.46979
35.31001  61.55520  61.55520
67.68333  61.55520  61.55520
35.31001  61.55520  65.64062
67.68333  61.55520  65.64062
35.31001  65.64062  37.04271
67.68333  65.64062  37.04271
35.31001  65.64062  41.12812
67.68333  65.64062  41.12812
35.31001  65.64062  45.21354
67.68333  65.64062  45.21354
35.31001  65.64062  49.29895
67.68333  65.64062  49.29895
35.31001  65.64062  53.38437
67.68333  65.64062  53.38437
35.31001  65.64062  57.46979
67.68333  65.64062  57.46979
35.31001  65.64062  61.55520
67.68333  65.64062  61.55520
35.31001  65.64062  65.64062
67.68333  65.64062  65.64062
39.08541  37.04271  37.04271
39.08541  37.04271  41.12812
39.08541  37.04271  45.21354
39.08541  37.04271  49.29895
39.08541  37.04271  53.38437
39.08541  37.04271  57.46979
39.08541  37.04271  61.55520
39.08541  37.04271  65.64062
39.08541  41.12812  37.04271
39.08541  41.12812  41.12812
39.08541  41.12812  45.21354
39.08541  41.12812  49.29895
39.08541  41.12812  53.38437
39.08541  41.12812  57.46979
39.08541  41.12812  61.55520
39.08541  41.12812  65.64062
39.08541  45.21354  37.04271
39.08541  45.21354  41.12812
39.08541  45.21354  45.21354
39.08541  45.21354  49.29895
39.08541  45.21354  53.38437
39.08541  45.21354  57.46979
39.08541  45.21354  61.55520
39.08541  45.21354  65.64062
39.08541  49.29895  37.04271
39.08541  49.29895  41.12812
39.08541  49.29895  45.21354
39.08541  49.29895  49.29895
39.08541  49.29895  53.38437
39.08541  49.29895  57.46979
39.08541  49.29895  61.55520
39.08541  49.29895  65.64062
39.08541  53.38437  37.04271
39.08541  53.38437  41.12812
39.08541  53.38437  45.21354
39.08541  53.38437  49.29895
39.08541  53.38437  53.38437
39.08541  53.38437  57.46979
39.08541  53.38437  61.55520
39.08541  53.38437  65.64062
39.08541  57.46979  37.04271
39.08541  57.46979  41.12812
39.08541  57.46979  45.21354
39.08541  57.46979  49.29895
39.08541  57.46979  53.38437
39.08541  57.46979  57.46979
39.08541  57.46979  61.55520
39.08541  57.46979  65.64062
39.08541  61.55520  37.04271
39.08541  61.55520  41.12812
39.08541  61.55520  45.21354
39.08541  61.55520  49.29895
39.08541  61.55520  53.38437
39.08541  61.55520  57.46979
39.08541  61.55520  61.55520
39.08541  61.55520  65.64062
39.08541  65.64062  37.04271
39.08541  65.64062  41.12812
39.08541  65.64062  45.21354
39.08541  65.64062  49.29895
39.08541  65.64062  53.38437
39.08541  65.64062  57.46979
39.08541  65.64062  61.55520
39.08541  65.64062  65.64062
43.17083  37.04271  37.04271
43.17083  37.04271  41.12812
43.17083  37.04271  45.21354
43.17083  37.04271  49.29895
43.17083  37.04271  53.38437
43.17083  37.04271  57.46979
43.17083  37.04271  61.55520
43.17083  37.04271  65.64062
43.17083  41.12812  37.04271
43.17083  41.12812  41.12812
43.17083  41.12812  45.21354
43.17083  41.12812  49.29895
43.17083  41.12812  53.38437
43.17083  41.12812  57.46979
43.17083  41.12812  61.55520
43.17083  41.12812  65.64062
43.17083  45.21354  37.04271
43.17083  45.21354  41.12812
43.17083  45.21354  45.21354
43.17083  45.21354  49.29895
43.17083  45.21354  53.38437
43.17083  45.21354  57.46979
43.17083  45.21354  61.55520
43.17083  45.21354  65.64062
43.17083  49.29895  37.04271
43.17083  49.29895  41.12812
43.17083  49.29895  45.21354
43.17083  49.29895  49.29895
43.17083  49.29895  53.38437
43.17083  49.29895  57.46979
43.17083  49.29895  61.55520
43.17083  49.29895  65.64062
43.17083  53.38437  37.04271
43.17083  53.38437  41.12812
43.17083  53.38437  45.21354
43.17083  53.38437  49.29895
43.17083  53.38437  53.38437
43.17083  53.38437  57.46979
43.17083  53.38437  61.55520
43.17083  53.38437  65.64062
43.17083  57.46979  37.04271
43.17083  57.46979  41.12812
43.17083  57.46979  45.21354
43.17083  57.46979  49.29895
43.17083  57.46979  53.38437
43.17083  57.46979  57.46979
43.17083  57.46979  61.55520
43.17083  57.46979  65.64062
43.17083  61.55520  37.04271
43.17083  61.55520  41.12812
43.17083  61.55520  45.21354
43.17083  61.55520  49.29895
43.17083  61.55520  53.38437
43.17083  61.55520  57.46979
43.17083  61.55520  61.55520
43.17083  61.55520  65.64062
43.17083  65.64062  37.04271
43.17083  65.64062  41.12812
43.17083  65.64062  45.21354
43.17083  65.64062  49.29895
43.17083  65.64062  53.38437
43.17083  65.64062  57.46979
43.17083  65.64062  61.55520
43.17083  65.64062  65.64062
47.25625  37.04271  37.04271
47.25625  37.04271  41.12812
47.25625  37.04271  45.21354
47.25625  37.04271  49.29895
47.25625  37.04271  53.38437
47.25625  37.04271  57.46979
47.25625  37.04271  61.55520
47.25625  37.04271  65.64062
47.25625  41.12812  37.04271
47.25625  41.12812  41.12812
47.25625  41.12812  45.21354
47.25625  41.12812  49.29895
47.25625  41.12812  53.38437
47.25625  41.12812  57.46979
47.25625  41.12812  61.55520
47.25625  41.12812  65.64062
47.25625  45.21354  37.04271
47.25625  45.21354  41.12812
47.25625  45.21354  45.21354
47.25625  45.21354  49.29895
47.25625  45.21354  53.38437
47.25625  45.21354  57.46979
47.25625  45.21354  61.55520
47.25625  45.21354  65.64062
47.25625  49.29895  37.04271
47.25625  49.29895  41.12812
47.25625  49.29895  45.21354
47.25625  49.29895  49.29895
47.25625  49.29895  53.38437
47.25625  49.29895  57.46979
47.25625  49.29895  61.55520
47.25625  49.29895  65.64062
47.25625  53.38437  37.04271
47.25625  53.38437  41.12812
47.25625  53.38437  45.21354
47.25625  53.38437  49.29895
47.25625  53.38437  53.38437
47.25625  53.38437  57.46979
47.25625  53.38437  61.55520
47.25625  53.38437  65.64062
47.25625  57.46979  37.04271
47.25625  57.46979  41.12812
47.25625  57.46979  45.21354
47.25625  57.46979  49.29895
47.25625  57.46979  53.38437
47.25625  57.46979  57.46979
47.25625  57.46979  61.55520
47.25625  57.46979  65.64062
47.25625  61.55520  37.04271
47.25625  61.55520  41.12812
47.25625  61.55520  45.21354
47.25625  61.55520  49.29895
47.25625  61.55520  53.38437
47.25625  61.55520  57.46979
47.25625  61.55520  61.55520
47.25625  61.55520  65.64062
47.25625  65.64062  37.04271
47.25625  65.64062  41.12812
47.25625  65.64062  45.21354
47.25625  65.64062  49.29895
47.25625  65.64062  53.38437
47.25625  65.64062  57.46979
47.25625  65.64062  61.55520
47.25625  65.64062  65.64062
51.34166  37.04271  37.04271
51.34166  37.04271  41.12812
51.34166  37.04271  45.21354
51.34166  37.04271  49.29895
51.34166  37.04271  53.38437
51.34166  37.04271  57.46979
51.34166  37.04271  61.55520
51.34166  37.04271  65.64062
51.34166  41.12812  37.04271
51.34166  41.12812  41.12812
51.34166  41.12812  45.21354
51.34166  41.12812  49.29895
51.34166  41.12812  53.38437
51.34166  41.12812  57.46979
51.34166  41.12812  61.55520
51.34166  41.12812  65.64062
51.34166  45.21354  37.04271
51.34166  45.21354  41.12812
51.34166  45.21354  45.21354
51.34166  45.21354  49.29895
51.34166  45.21354  53.38437
51.34166  45.21354  57.46979
51.34166  45.21354  61.55520
51.34166  45.21354  65.64062
51.34166  49.29895  37.04271
51.34166  49.29895  41.12812
51.34166  49.29895  45.21354
51.34166  49.29895  49.29895
51.34166  49.29895  53.38437
51.34166  49.29895  57.46979
51.34166  49.29895  61.55520
51.34166  49.29895  65.64062
51.34166  53.38437  37.04271
51.34166  53.38437  41.12812
51.34166  53.38437  45.21354
51.34166  53.38437  49.29895
51.34166  53.38437  53.38437
51.34166  53.38437  57.46979
51.34166  53.38437  61.55520
51.34166  53.38437  65.64062
51.34166  57.46979  37.04271
51.34166  57.46979  41.12812
51.34166  57.46979  45.21354
51.34166  57.46979  49.29895
51.34166  57.46979  53.38437
51.34166  57.46979  57.46979
51.34166  57.46979  61.55520
51.34166  57.46979  65.64062
51.34166  61.55520  37.04271
51.34166  61.55520  41.12812
51.34166  61.55520  45.21354
51.34166  61.55520  49.29895
51.34166  61.55520  53.38437
51.34166  61.55520  57.46979
51.34166  61.55520  61.55520
51.34166  61.55520  65.64062
51.34166  65.64062  37.04271
51.34166  65.64062  41.12812
51.34166  65.64062  45.21354
51.34166  65.64062  49.29895
51.34166  65.64062  53.38437
51.34166  65.64062  57.46979
51.34166  65.64062  61.55520
51.34166  65.64062  65.64062
55.42708  37.04271  37.04271
55.42708  37.04271  41.12812
55.42708  37.04271  45.21354
55.42708  37.04271  49.29895
55.42708  37.04271  53.38437
55.42708  37.04271  57.46979
55.42708  37.04271  61.55520
55.42708  37.04271  65.64062
55.42708  41.12812  37.04271
55.42708  41.12812  41.12812
55.42708  41.12812  45.21354
55.42708  41.12812  49.29895
55.42708  41.12812  53.38437
55.42708  41.12812  57.46979
55.42708  41.12812  61.55520
55.42708  41.12812  65.64062
55.42708  45.21354  37.04271
55.42708  45.21354  41.12812
55.42708  45.21354  45.21354
55.42708  45.21354  49.29895
55.42708  45.21354  53.38437
55.42708  45.21354  57.46979
55.42708  45.21354  61.55520
55.42708  45.21354  65.64062
55.42708  49.29895  37.04271
55.42708  49.29895  41.12812
55.42708  49.29895  45.21354
55.42708  49.29895  49.29895
55.42708  49.29895  53.38437
55.42708  49.29895  57.46979
55.42708  49.29895  61.55520
55.42708  49.29895  65.64062
55.42708  53.38437  37.04271
55.42708  53.38437  41.12812
55.42708  53.38437  45.21354
55.42708  53.38437  49.29895
55.42708  53.38437  53.38437
55.42708  53.38437  57.46979
55.42708  53.38437  61.55520
55.42708  53.38437  65.64062
55.42708  57.46979  37.04271
55.42708  57.46979  41.12812
55.42708  57.46979  45.21354
55.42708  57.46979  49.29895
55.42708  57.46979  53.38437
55.42708  57.46979  57.46979
55.42708  57.46979  61.55520
55.42708  57.46979  65.64062
55.42708  61.55520  37.04271
55.42708  61.55520  41.12812
55.42708  61.55520  45.21354
55.42708  61.55520  49.29895
55.42708  61.55520  53.38437
55.42708  61.55520  57.46979
55.42708  61.55520  61.55520
55.42708  61.55520  65.64062
55.42708  65.64062  37.04271
55.42708  65.64062  41.12812
55.42708  65.64062  45.21354
55.42708  65.64062  49.29895
55.42708  65.64062  53.38437
55.42708  65.64062  57.46979
55.42708  65.64062  61.55520
55.42708  65.64062  65.64062
59.51250  37.04271  37.04271
59.51250  37.04271  41.12812
59.51250  37.04271  45.21354
59.51250  37.04271  49.29895
59.51250  37.04271  53.38437
59.51250  37.04271  57.46979
59.51250  37.04271  61.55520
59.51250  37.04271  65.64062
59.51250  41.12812  37.04271
59.51250  41.12812  41.12812
59.51250  41.12812  45.21354
59.51250  41.12812  49.29895
59.51250  41.12812  53.38437
59.51250  41.12812  57.46979
59.51250  41.12812  61.55520
59.51250  41.12812  65.64062
59.51250  45.21354  37.04271
59.51250  45.21354  41.12812
59.51250  45.21354  45.21354
59.51250  45.21354  49.29895
59.51250  45.21354  53.38437
59.51250  45.21354  57.46979
59.51250  45.21354  61.55520
59.51250  45.21354  65.64062
59.51250  49.29895  37.04271
59.51250  49.29895  41.12812
59.51250  49.29895  45.21354
59.51250  49.29895  49.29895
59.51250  49.29895  53.38437
59.51250  49.29895  57.46979
59.51250  49.29895  61.55520
59.51250  49.29895  65.64062
59.51250  53.38437  37.04271
59.51250  53.38437  41.12812
59.51250  53.38437  45.21354
59.51250  53.38437  49.29895
59.51250  53.38437  53.38437
59.51250  53.38437  57.46979
59.51250  53.38437  61.55520
59.51250  53.38437  65.64062
59.51250  57.46979  37.04271
59.51250  57.46979  41.12812
59.51250  57.46979  45.21354
59.51250  57.46979  49.29895
59.51250  57.46979  53.38437
59.51250  57.46979  57.46979
59.51250  57.46979  61.55520
59.51250  57.46979  65.64062
59.51250  61.55520  37.04271
59.51250  61.55520  41.12812
59.51250  61.55520  45.21354
59.51250  61.55520  49.29895
59.51250  61.55520  53.38437
59.51250  61.55520  57.46979
59.51250  61.55520  61.55520
59.51250  61.55520  65.64062
59.51250  65.64062  37.04271
59.51250  65.64062  41.12812
59.51250  65.64062  45.21354
59.51250  65.64062  49.29895
59.51250  65.64062  53.38437
59.51250  65.64062  57.46979
59.51250  65.64062  61.55520
59.51250  65.64062  65.64062
63.59791  37.04271  37.04271
63.59791  37.04271  41.12812
63.59791  37.04271  45.21354
63.59791  37.04271  49.29895
63.59791  37.04271  53.38437
63.59791  37.04271  57.46979
63.59791  37.04271  61.55520
63.59791  37.04271  65.64062
63.59791  41.12812  37.04271
63.59791  41.12812  41.12812
63.59791  41.12812  45.21354
63.59791  41.12812  49.29895
63.59791  41.12812  53.38437
63.59791  41.12812  57.46979
63.59791  41.12812  61.55520
63.59791  41.12812  65.64062
63.59791  45.21354  37.04271
63.59791  45.21354  41.12812
63.59791  45.21354  45.21354
63.59791  45.21354  49.29895
63.59791  45.21354  53.38437
63.59791  45.21354  57.46979
63.59791  45.21354  61.55520
63.59791  45.21354  65.64062
63.59791  49.29895  37.04271
63.59791  49.29895  41.12812
63.59791  49.29895  45.21354
63.59791  49.29895  49.29895
63.59791  49.29895  53.38437
63.59791  49.29895  57.46979
63.59791  49.29895  61.55520
63.59791  49.29895  65.64062
63.59791  53.38437  37.04271
63.59791  53.38437  41.12812
63.59791  53.38437  45.21354
63.59791  53.38437  49.29895
63.59791  53.38437  53.38437
63.59791  53.38437  57.46979
63.59791  53.38437  61.55520
63.59791  53.38437  65.64062
63.59791  57.46979  37.04271
63.59791  57.46979  41.12812
63.59791  57.46979  45.21354
63.59791  57.46979  49.29895
63.59791  57.46979  53.38437
63.59791  57.46979  57.46979
63.59791  57.46979  61.55520
63.59791  57.46979  65.64062
63.59791  61.55520  37.04271
63.59791  61.55520  41.12812
63.59791  61.55520  45.21354
63.59791  61.55520  49.29895
63.59791  61.55520  53.38437
63.59791  61.55520  57.46979
63.59791  61.55520  61.55520
63.59791  61.55520  65.64062
63.59791  65.64062  37.04271
63.59791  65.64062  41.12812
63.59791  65.64062  45.21354
63.59791  65.64062  49.29895
63.59791  65.64062  53.38437
63.59791  65.64062  57.46979
63.59791  65.64062  61.55520
63.59791  65.64062  65.64062
37.04271  35.31001  37.04271
37.04271  67.68333  37.04271
37.04271  35.31001  41.12812
37.04271  67.68333  41.12812
37.04271  35.31001  45.21354
37.04271  67.68333  45.21354
37.04271  35.31001  49.29895
37.04271  67.68333  49.29895
37.04271  35.31001  53.38437
37.04271  67.68333  53.38437
37.04271  35.31001  57.46979
37.04271  67.68333  57.46979
37.04271  35.31001  61.55520
37.04271  67.68333  61.55520
37.04271  35.31001  65.64062
37.04271  67.68333  65.64062
37.04271  39.08541  37.04271
37.04271  39.08541  41.12812
37.04271  39.08541  45.21354
37.04271  39.08541  49.29895
37.04271  39.08541  53.38437
37.04271  39.08541  57.46979
37.04271  39.08541  61.55520
37.04271  39.08541  65.64062
37.04271  43.17083  37.04271
37.04271  43.17083  41.12812
37.04271  43.17083  45.21354
37.04271  43.17083  49.29895
37.04271  43.17083  53.38437
37.04271  43.17083  57.46979
37.04271  43.17083  61.55520
37.04271  43.17083  65.64062
37.04271  47.25625  37.04271
37.04271  47.25625  41.12812
37.04271  47.25625  45.21354
37.04271  47.25625  49.29895
37.04271  47.25625  53.38437
37.04271  47.25625  57.46979
37.04271  47.25625  61.55520
37.04271  47.25625  65.64062
37.04271  51.34166  37.04271
37.04271  51.34166  41.12812
37.04271  51.34166  45.21354
37.04271  51.34166  49.29895
37.04271  51.34166  53.38437
37.04271  51.34166  57.46979
37.04271  51.34166  61.55520
37.04271  51.34166  65.64062
37.04271  55.42708  37.04271
37.04271  55.42708  41.12812
37.04271  55.42708  45.21354
37.04271  55.42708  49.29895
37.04271  55.42708  53.38437
37.04271  55.42708  57.46979
37.04271  55.42708  61.55520
37.04271  55.42708  65.64062
37.04271  59.51250  37.04271
37.04271  59.51250  41.12812
37.04271  59.51250  45.21354
37.04271  59.51250  49.29895
37.04271  59.51250  53.38437
37.04271  59.51250  57.46979
37.04271  59.51250  61.55520
37.04271  59.51250  65.64062
37.04271  63.59791  37.04271
37.04271  63.59791  41.12812
37.04271  63.59791  45.21354
37.04271  63.59791  49.29895
37.04271  63.59791  53.38437
37.04271  63.59791  57.46979
37.04271  63.59791  61.55520
37.04271  63.59791  65.64062
41.12812  35.31001  37.04271
41.12812  67.68333  37.04271
41.12812  35.31001  41.12812
41.12812  67.68333  41.12812
41.12812  35.31001  45.21354
41.12812  67.68333  45.21354
41.12812  35.31001  49.29895
41.12812  67.68333  49.29895
41.12812  35.31001  53.38437
41.12812  67.68333  53.38437
41.12812  35.31001  57.46979
41.12812  67.68333  57.46979
41.12812  35.31001  61.55520
41.12812  67.68333  61.55520
41.12812  35.31001  65.64062
41.12812  67.68333  65.64062
41.12812  39.08541  37.04271
41.12812  39.08541  41.12812
41.12812  39.08541  45.21354
41.12812  39.08541  49.29895
41.12812  39.08541  53.38437
41.12812  39.08541  57.46979
41.12812  39.08541  61.55520
41.12812  39.08541  65.64062
41.12812  43.17083  37.04271
41.12812  43.17083  41.12812
41.12812  43.17083  45.21354
41.12812  43.17083  49.29895
41.12812  43.17083  53.38437
41.12812  43.17083  57.46979
41.12812  43.17083  61.55520
41.12812  43.17083  65.64062
41.12812  47.25625  37.04271
41.12812  47.25625  41.12812
41.12812  47.25625  45.21354
41.12812  47.25625  49.29895
41.12812  47.25625  53.38437
41.12812  47.25625  57.46979
41.12812  47.25625  61.55520
41.12812  47.25625  65.64062
41.12812  51.34166  37.04271
41.12812  51.34166  41.12812
41.12812  51.34166  45.21354
41.12812  51.34166  49.29895
41.12812  51.34166  53.38437
41.12812  51.34166  57.46979
41.12812  51.34166  61.55520
41.12812  51.34166  65.64062
41.12812  55.42708  37.04271
41.12812  55.42708  41.12812
41.12812  55.42708  45.21354
41.12812  55.42708  49.29895
41.12812  55.42708  53.38437
41.12812  55.42708  57.46979
41.12812  55.42708  61.55520
41.12812  55.42708  65.64062
41.12812  59.51250  37.04271
41.12812  59.51250  41.12812
41.12812  59.51250  45.21354
41.12812  59.51250  49.29895
41.12812  59.51250  53.38437
41.12812  59.51250  57.46979
41.12812  59.51250  61.55520
41.12812  59.51250  65.64062
41.12812  63.59791  37.04271
41.12812  63.59791  41.12812
41.12812  63.59791  45.21354
41.12812  63.59791  49.29895
41.12812  63.59791  53.38437
41.12812  63.59791  57.46979
41.12812  63.59791  61.55520
41.12812  63.59791  65.64062
45.21354  35.31001  37.04271
45.21354  67.68333  37.04271
45.21354  35.31001  41.12812
45.21354  67.68333  41.12812
45.21354  35.31001  45.21354
45.21354  67.68333  45.21354
45.21354  35.31001  49.29895
45.21354  67.68333  49.29895
45.21354  35.31001  53.38437
45.21354  67.68333  53.38437
45.21354  35.31001  57.46979
45.21354  67.68333  57.46979
45.21354  35.31001  61.55520
45.21354  67.68333  61.55520
45.21354  35.31001  65.64062
45.21354  67.68333  65.64062
45.21354  39.08541  37.04271
45.21354  39.08541  41.12812
45.21354  39.08541  45.21354
45.21354  39.08541  49.29895
45.21354  39.08541  53.38437
45.21354  39.08541  57.46979
45.21354  39.08541  61.55520
45.21354  39.08541  65.64062
45.21354  43.17083  37.04271
45.21354  43.17083  41.12812
45.21354  43.17083  45.21354
45.21354  43.17083  49.29895
45.21354  43.17083  53.38437
45.21354  43.17083  57.46979
45.21354  43.17083  61.55520
45.21354  43.17083  65.64062
45.21354  47.25625  37.04271
45.21354  47.25625  41.12812
45.21354  47.25625  45.21354
45.21354  47.25625  49.29895
45.21354  47.25625  53.38437
45.21354  47.25625  57.46979
45.21354  47.25625  61.55520
45.21354  47.25625  65.64062
45.21354  51.34166  37.04271
45.21354  51.34166  41.12812
45.21354  51.34166  45.21354
45.21354  51.34166  49.29895
45.21354  51.34166  53.38437
45.21354  51.34166  57.46979
45.21354  51.34166  61.55520
45.21354  51.34166  65.64062
45.21354  55.42708  37.04271
45.21354  55.42708  41.12812
45.21354  55.42708  45.21354
45.21354  55.42708  49.29895
45.21354  55.42708  53.38437
45.21354  55.42708  57.46979
45.21354  55.42708  61.55520
45.21354  55.42708  65.64062
45.21354  59.51250  37.04271
45.21354  59.51250  41.12812
45.21354  59.51250  45.21354
45.21354  59.51250  49.29895
45.21354  59.51250  53.38437
45.21354  59.51250  57.46979
45.21354  59.51250  61.55520
45.21354  59.51250  65.64062
45.21354  63.59791  37.04271
45.21354  63.59791  41.12812
45.21354  63.59791  45.21354
45.21354  63.59791  49.29895
45.21354  63.59791  53.38437
45.21354  63.59791  57.46979
45.21354  63.59791  61.55520
45.21354  63.59791  65.64062
49.29895  35.31001  37.04271
49.29895  67.68333  37.04271
49.29895  35.31001  41.12812
49.29895  67.68333  41.12812
49.29895  35.31001  45.21354
49.29895  67.68333  45.21354
49.29895  35.31001  49.29895
49.29895  67.68333  49.29895
49.29895  35.31001  53.38437
49.29895  67.68333  53.38437
49.29895  35.31001  57.46979
49.29895  67.68333  57.46979
49.29895  35.31001  61.55520
49.29895  67.68333  61.55520
49.29895  35.31001  65.64062
49.29895  67.68333  65.64062
49.29895  39.08541  37.04271
49.29895  39.08541  41.12812
49.29895  39.08541  45.21354
49.29895  39.08541  49.29895
49.29895  39.08541  53.38437
49.29895  39.08541  57.46979
49.29895  39.08541  61.55520
49.29895  39.08541  65.64062
49.29895  43.17083  37.04271
49.29895  43.17083  41.12812
49.29895  43.17083  45.21354
49.29895  43.17083  49.29895
49.29895  43.17083  53.38437
49.29895  43.17083  57.46979
49.29895  43.17083  61.55520
49.29895  43.17083  65.64062
49.29895  47.25625  37.04271
49.29895  47.25625  41.12812
49.29895  47.25625  45.21354
49.29895  47.25625  49.29895
49.29895  47.25625  53.38437
49.29895  47.25625  57.46979
49.29895  47.25625  61.55520
49.29895  47.25625  65.64062
49.29895  51.34166  37.04271
49.29895  51.34166  41.12812
49.29895  51.34166  45.21354
49.29895  51.34166  49.29895
49.29895  51.34166  53.38437
49.29895  51.34166  57.46979
49.29895  51.34166  61.55520
49.29895  51.34166  65.64062
49.29895  55.42708  37.04271
49.29895  55.42708  41.12812
49.29895  55.42708  45.21354
49.29895  55.42708  49.29895
49.29895  55.42708  53.38437
49.29895  55.42708  57.46979
49.29895  55.42708  61.55520
49.29895  55.42708  65.64062
49.29895  59.51250  37.04271
49.29895  59.51250  41.12812
49.29895  59.51250  45.21354
49.29895  59.51250  49.29895
49.29895  59.51250  53.38437
49.29895  59.51250  57.46979
49.29895  59.51250  61.55520
49.29895  59.51250  65.64062
49.29895  63.59791  37.04271
49.29895  63.59791  41.12812
49.29895  63.59791  45.21354
49.29895  63.59791  49.29895
49.29895  63.59791  53.38437
49.29895  63.59791  57.46979
49.29895  63.59791  61.55520
49.29895  63.59791  65.64062
53.38437  35.31001  37.04271
53.38437  67.68333  37.04271
53.38437  35.31001  41.12812
53.38437  67.68333  41.12812
53.38437  35.31001  45.21354
53.38437  67.68333  45.21354
53.38437  35.31001  49.29895
53.38437  67.68333  49.29895
53.38437  35.31001  53.38437
53.38437  67.68333  53.38437
53.38437  35.31001  57.46979
53.38437  67.68333  57.46979
53.38437  35.31001  61.55520
53.38437  67.68333  61.55520
53.38437  35.31001  65.64062
53.38437  67.68333  65.64062
53.38437  39.08541  37.04271
53.38437  39.08541  41.12812
53.38437  39.08541  45.21354
53.38437  39.08541  49.29895
53.38437  39.08541  53.38437
53.38437  39.08541  57.46979
53.38437  39.08541  61.55520
53.38437  39.08541  65.64062
53.38437  43.17083  37.04271
53.38437  43.17083  41.12812
53.38437  43.17083  45.21354
53.38437  43.17083  49.29895
53.38437  43.17083  53.38437
53.38437  43.17083  57.46979
53.38437  43.17083  61.55520
53.38437  43.17083  65.64062
53.38437  47.25625  37.04271
53.38437  47.25625  41.12812
53.38437  47.25625  45.21354
53.38437  47.25625  49.29895
53.38437  47.25625  53.38437
53.38437  47.25625  57.46979
53.38437  47.25625  61.55520
53.38437  47.25625  65.64062
53.38437  51.34166  37.04271
53.38437  51.34166  41.12812
53.38437  51.34166  45.21354
53.38437  51.34166  49.29895
53.38437  51.34166  53.38437
53.38437  51.34166  57.46979
53.38437  51.34166  61.55520
53.38437  51.34166  65.64062
53.38437  55.42708  37.04271
53.38437  55.42708  41.12812
53.38437  55.42708  45.21354
53.38437  55.42708  49.29895
53.38437  55.42708  53.38437
53.38437  55.42708  57.46979
53.38437  55.42708  61.55520
53.38437  55.42708  65.64062
53.38437  59.51250  37.04271
53.38437  59.51250  41.12812
53.38437  59.51250  45.21354
53.38437  59.51250  49.29895
53.38437  59.51250  53.38437
53.38437  59.51250  57.46979
53.38437  59.51250  61.55520
53.38437  59.51250  65.64062
53.38437  63.59791  37.04271
53.38437  63.59791  41.12812
53.38437  63.59791  45.21354
53.38437  63.59791  49.29895
53.38437  63.59791  53.38437
53.38437  63.59791  57.46979
53.38437  63.59791  61.55520
53.38437  63.59791  65.64062
57.46979  35.31001  37.04271
57.46979  67.68333  37.04271
57.46979  35.31001  41.12812
57.46979  67.68333  41.12812
57.46979  35.31001  45.21354
57.46979  67.68333  45.21354
57.46979  35.31001  49.29895
57.46979  67.68333  49.29895
57.46979  35.31001  53.38437
57.46979  67.68333  53.38437
57.46979  35.31001  57.46979
57.46979  67.68333  57.46979
57.46979  35.31001  61.55520
57.46979  67.68333  61.55520
57.46979  35.31001  65.64062
57.46979  67.68333  65.64062
57.46979  39.08541  37.04271
57.46979  39.08541  41.12812
57.46979  39.08541  45.21354
57.46979  39.08541  49.29895
57.46979  39.08541  53.38437
57.46979  39.08541  57.46979
57.46979  39.08541  61.55520
57.46979  39.08541  65.64062
57.46979  43.17083  37.04271
57.46979  43.17083  41.12812
57.46979  43.17083  45.21354
57.46979  43.17083  49.29895
57.46979  43.17083  53.38437
57.46979  43.17083  57.46979
57.46979  43.17083  61.55520
57.46979  43.17083  65.64062
57.46979  47.25625  37.04271
57.46979  47.25625  41.12812
57.46979  47.25625  45.21354
57.46979  47.25625  49.29895
57.46979  47.25625  53.38437
57.46979  47.25625  57.46979
57.46979  47.25625  61.55520
57.46979  47.25625  65.64062
57.46979  51.34166  37.04271
57.46979  51.34166  41.12812
57.46979  51.34166  45.21354
57.46979  51.34166  49.29895
57.46979  51.34166  53.38437
57.46979  51.34166  57.46979
57.46979  51.34166  61.55520
57.46979  51.34166  65.64062
57.46979  55.42708  37.04271
57.46979  55.42708  41.12812
57.46979  55.42708  45.21354
57.46979  55.42708  49.29895
57.46979  55.42708  53.38437
57.46979  55.42708  57.46979
57.46979  55.42708  61.55520
57.46979  55.42708  65.64062
57.46979  59.51250  37.04271
57.46979  59.51250  41.12812
57.46979  59.51250  45.21354
57.46979  59.51250  49.29895
57.46979  59.51250  53.38437
57.46979  59.51250  57.46979
57.46979  59.51250  61.55520
57.46979  59.51250  65.64062
57.46979  63.59791  37.04271
57.46979  63.59791  41.12812
57.46979  63.59791  45.21354
57.46979  63.59791  49.29895
57.46979  63.59791  53.38437
57.46979  63.59791  57.46979
57.46979  63.59791  61.55520
57.46979  63.59791  65.64062
61.55520  35.31001  37.04271
61.55520  67.68333  37.04271
61.55520  35.31001  41.12812
61.55520  67.68333  41.12812
61.55520  35.31001  45.21354
61.55520  67.68333  45.21354
61.55520  35.31001  49.29895
61.55520  67.68333  49.29895
61.55520  35.31001  53.38437
61.55520  67.68333  53.38437
61.55520  35.31001  57.46979
61.55520  67.68333  57.46979
61.55520  35.31001  61.55520
61.55520  67.68333  61.55520
61.55520  35.31001  65.64062
61.55520  67.68333  65.64062
61.55520  39.08541  37.04271
61.55520  39.08541  41.12812
61.55520  39.08541  45.21354
61.55520  39.08541  49.29895
61.55520  39.08541  53.38437
61.55520  39.08541  57.46979
61.55520  39.08541  61.55520
61.55520  39.08541  65.64062
61.55520  43.17083  37.04271
61.55520  43.17083  41.12812
61.55520  43.17083  45.21354
61.55520  43.17083  49.29895
61.55520  43.17083  53.38437
61.55520  43.17083  57.46979
61.55520  43.17083  61.55520
61.55520  43.17083  65.64062
61.55520  47.25625  37.04271
61.55520  47.25625  41.12812
61.55520  47.25625  45.21354
61.55520  47.25625  49.29895
61.55520  47.25625  53.38437
61.55520  47.25625  57.46979
61.55520  47.25625  61.55520
61.55520  47.25625  65.64062
61.55520  51.34166  37.04271
61.55520  51.34166  41.12812
61.55520  51.34166  45.21354
61.55520  51.34166  49.29895
61.55520  51.34166  53.38437
61.55520  51.34166  57.46979
61.55520  51.34166  61.55520
61.55520  51.34166  65.64062
61.55520  55.42708  37.04271
61.55520  55.42708  41.12812
61.55520  55.42708  45.21354
61.55520  55.42708  49.29895
61.55520  55.42708  53.38437
61.55520  55.42708  57.46979
61.55520  55.42708  61.55520
61.55520  55.42708  65.64062
61.55520  59.51250  37.04271
61.55520  59.51250  41.12812
61.55520  59.51250  45.21354
61.55520  59.51250  49.29895
61.55520  59.51250  53.38437
61.55520  59.51250  57.46979
61.55520  59.51250  61.55520
61.55520  59.51250  65.64062
61.55520  63.59791  37.04271
61.55520  63.59791  41.12812
61.55520  63.59791  45.21354
61.55520  63.59791  49.29895
61.55520  63.59791  53.38437
61.55520  63.59791  57.46979
61.55520  63.59791  61.55520
61.55520  63.59791  65.64062
65.64062  35.31001  37.04271
65.64062  67.68333  37.04271
65.64062  35.31001  41.12812
65.64062  67.68333  41.12812
65.64062  35.31001  45.21354
65.64062  67.68333  45.21354
65.64062  35.31001  49.29895
65.64062  67.68333  49.29895
65.64062  35.31001  53.38437
65.64062  67.68333  53.38437
65.64062  35.31001  57.46979
65.64062  67.68333  57.46979
65.64062  35.31001  61.55520
65.64062  67.68333  61.55520
65.64062  35.31001  65.64062
65.64062  67.68333  65.64062
65.64062  39.08541  37.04271
65.64062  39.08541  41.12812
65.64062  39.08541  45.21354
65.64062  39.08541  49.29895
65.64062  39.08541  53.38437
65.64062  39.08541  57.46979
65.64062  39.08541  61.55520
65.64062  39.08541  65.64062
65.64062  43.17083  37.04271
65.64062  43.17083  41.12812
65.64062  43.17083  45.21354
65.64062  43.17083  49.29895
65.64062  43.17083  53.38437
65.64062  43.17083  57.46979
65.64062  43.17083  61.55520
65.64062  43.17083  65.64062
65.64062  47.25625  37.04271
65.64062  47.25625  41.12812
65.64062  47.25625  45.21354
65.64062  47.25625  49.29895
65.64062  47.25625  53.38437
65.64062  47.25625  57.46979
65.64062  47.25625  61.55520
65.64062  47.25625  65.64062
65.64062  51.34166  37.04271
65.64062  51.34166  41.12812
65.64062  51.34166  45.21354
65.64062  51.34166  49.29895
65.64062  51.34166  53.38437
65.64062  51.34166  57.46979
65.64062  51.34166  61.55520
65.64062  51.34166  65.64062
65.64062  55.42708  37.04271
65.64062  55.42708  41.12812
65.64062  55.42708  45.21354
65.64062  55.42708  49.29895
65.64062  55.42708  53.38437
65.64062  55.42708  57.46979
65.64062  55.42708  61.55520
65.64062  55.42708  65.64062
65.64062  59.51250  37.04271
65.64062  59.51250  41.12812
65.64062  59.51250  45.21354
65.64062  59.51250  49.29895
65.64062  59.51250  53.38437
65.64062  59.51250  57.46979
65.64062  59.51250  61.55520
65.64062  59.51250  65.64062
65.64062  63.59791  37.04271
65.64062  63.59791  41.12812
65.64062  63.59791  45.21354
65.64062  63.59791  49.29895
65.64062  63.59791  53.38437
65.64062  63.59791  57.46979
65.64062  63.59791  61.55520
65.64062  63.59791  65.64062
37.04271  37.04271  35.31001
37.04271  37.04271  67.68333
37.04271  37.04271  39.08541
37.04271  37.04271  43.17083
37.04271  37.04271  47.25625
37.04271  37.04271  51.34166
37.04271  37.04271  55.42708
37.04271  37.04271  59.51250
37.04271  37.04271  63.59791
37.04271  41.12812  35.31001
37.04271  41.12812  67.68333
37.04271  41.12812  39.08541
37.04271  41.12812  43.17083
37.04271  41.12812  47.25625
37.04271  41.12812  51.34166
37.04271  41.12812  55.42708
37.04271  41.12812  59.51250
37.04271  41.12812  63.59791
37.04271  45.21354  35.31001
37.04271  45.21354  67.68333
37.04271  45.21354  39.08541
37.04271  45.21354  43.17083
37.04271  45.21354  47.25625
37.04271  45.21354  51.34166
37.04271  45.21354  55.42708
37.04271  45.21354  59.51250
37.04271  45.21354  63.59791
37.04271  49.29895  35.31001
37.04271  49.29895  67.68333
37.04271  49.29895  39.08541
37.04271  49.29895  43.17083
37.04271  49.29895  47.25625
37.04271  49.29895  51.34166
37.04271  49.29895  55.42708
37.04271  49.29895  59.51250
37.04271  49.29895  63.59791
37.04271  53.38437  35.31001
37.04271  53.38437  67.68333
37.04271  53.38437  39.08541
37.04271  53.38437  43.17083
37.04271  53.38437  47.25625
37.04271  53.38437  51.34166
37.04271  53.38437  55.42708
37.04271  53.38437  59.51250
37.04271  53.38437  63.59791
37.04271  57.46979  35.31001
37.04271  57.46979  67.68333
37.04271  57.46979  39.08541
37.04271  57.46979  43.17083
37.04271  57.46979  47.25625
37.04271  57.46979  51.34166
37.04271  57.46979  55.42708
37.04271  57.46979  59.51250
37.04271  57.46979  63.59791
37.04271  61.55520  35.31001
37.04271  61.55520  67.68333
37.04271  61.55520  39.08541
37.04271  61.55520  43.17083
37.04271  61.55520  47.25625
37.04271  61.55520  51.34166
37.04271  61.55520  55.42708
37.04271  61.55520  59.51250
37.04271  61.55520  63.59791
37.04271  65.64062  35.31001
37.04271  65.64062  67.68333
37.04271  65.64062  39.08541
37.04271  65.64062  43.17083
37.04271  65.64062  47.25625
37.04271  65.64062  51.34166
37.04271  65.64062  55.42708
37.04271  65.64062  59.51250
37.04271  65.64062  63.59791
41.12812  37.04271  35.31001
41.12812  37.04271  67.68333
41.12812  37.04271  39.08541
41.12812  37.04271  43.17083
41.12812  37.04271  47.25625
41.12812  37.04271  51.34166
41.12812  37.04271  55.42708
41.12812  37.04271  59.51250
41.12812  37.04271  63.59791
41.12812  41.12812  35.31001
41.12812  41.12812  67.68333
41.12812  41.12812  39.08541
41.12812  41.12812  43.17083
41.12812  41.12812  47.25625
41.12812  41.12812  51.34166
41.12812  41.12812  55.42708
41.12812  41.12812  59.51250
41.12812  41.12812  63.59791
41.12812  45.21354  35.31001
41.12812  45.21354  67.68333
41.12812  45.21354  39.08541
41.12812  45.21354  43.17083
41.12812  45.21354  47.25625
41.12812  45.21354  51.34166
41.12812  45.21354  55.42708
41.12812  45.21354  59.51250
41.12812  45.21354  63.59791
41.12812  49.29895  35.31001
41.12812  49.29895  67.68333
41.12812  49.29895  39.08541
41.12812  49.29895  43.17083
41.12812  49.29895  47.25625
41.12812  49.29895  51.34166
41.12812  49.29895  55.42708
41.12812  49.29895  59.51250
41.12812  49.29895  63.59791
41.12812  53.38437  35.31001
41.12812  53.38437  67.68333
41.12812  53.38437  39.08541
41.12812  53.38437  43.17083
41.12812  53.38437  47.25625
41.12812  53.38437  51.34166
41.12812  53.38437  55.42708
41.12812  53.38437  59.51250
41.12812  53.38437  63.59791
41.12812  57.46979  35.31001
41.12812  57.46979  67.68333
41.12812  57.46979  39.08541
41.12812  57.46979  43.17083
41.12812  57.46979  47.25625
41.12812  57.46979  51.34166
41.12812  57.46979  55.42708
41.12812  57.46979  59.51250
41.12812  57.46979  63.59791
41.12812  61.55520  35.31001
41.12812  61.55520  67.68333
41.12812  61.55520  39.08541
41.12812  61.55520  43.17083
41.12812  61.55520  47.25625
41.12812  61.55520  51.34166
41.12812  61.55520  55.42708
41.12812  61.55520  59.51250
41.12812  61.55520  63.59791
41.12812  65.64062  35.31001
41.12812  65.64062  67.68333
41.12812  65.64062  39.08541
41.12812  65.64062  43.17083
41.12812  65.64062  47.25625
41.12812  65.64062  51.34166
41.12812  65.64062  55.42708
41.12812  65.64062  59.51250
41.12812  65.64062  63.59791
45.21354  37.04271  35.31001
45.21354  37.04271  67.68333
45.21354  37.04271  39.08541
45.21354  37.04271  43.17083
45.21354  37.04271  47.25625
45.21354  37.04271  51.34166
45.21354  37.04271  55.42708
45.21354  37.04271  59.51250
45.21354  37.04271  63.59791
45.21354  41.12812  35.31001
45.21354  41.12812  67.68333
45.21354  41.12812  39.08541
45.21354  41.12812  43.17083
45.21354  41.12812  47.25625
45.21354  41.12812  51.34166
45.21354  41.12812  55.42708
45.21354  41.12812  59.51250
45.21354  41.12812  63.59791
45.21354  45.21354  35.31001
45.21354  45.21354  67.68333
45.21354  45.21354  39.08541
45.21354  45.21354  43.17083
45.21354  45.21354  47.25625
45.21354  45.21354  51.34166
45.21354  45.21354  55.42708
45.21354  45.21354  59.51250
45.21354  45.21354  63.59791
45.21354  49.29895  35.31001
45.21354  49.29895  67.68333
45.21354  49.29895  39.08541
45.21354  49.29895  43.17083
45.21354  49.29895  47.25625
45.21354  49.29895  51.34166
45.21354  49.29895  55.42708
45.21354  49.29895  59.51250
45.21354  49.29895  63.59791
45.21354  53.38437  35.31001
45.21354  53.38437  67.68333
45.21354  53.38437  39.08541
45.21354  53.38437  43.17083
45.21354  53.38437  47.25625
45.21354  53.38437  51.34166
45.21354  53.38437  55.42708
45.21354  53.38437  59.51250
45.21354  53.38437  63.59791
45.21354  57.46979  35.31001
45.21354  57.46979  67.68333
45.21354  57.46979  39.08541
45.21354  57.46979  43.17083
45.21354  57.46979  47.25625
45.21354  57.46979  51.34166
45.21354  57.46979  55.42708
45.21354  57.46979  59.51250
45.21354  57.46979  63.59791
45.21354  61.55520  35.31001
45.21354  61.55520  67.68333
45.21354  61.55520  39.08541
45.21354  61.55520  43.17083
45.21354  61.55520  47.25625
45.21354  61.55520  51.34166
45.21354  61.55520  55.42708
45.21354  61.55520  59.51250
45.21354  61.55520  63.59791
45.21354  65.64062  35.31001
45.21354  65.64062  67.68333
45.21354  65.64062  39.08541
45.21354  65.64062  43.17083
45.21354  65.64062  47.25625
45.21354  65.64062  51.34166
45.21354  65.64062  55.42708
45.21354  65.64062  59.51250
45.21354  65.64062  63.59791
49.29895  37.04271  35.31001
49.29895  37.04271  67.68333
49.29895  37.04271  39.08541
49.29895  37.04271  43.17083
49.29895  37.04271  47.25625
49.29895  37.04271  51.34166
49.29895  37.04271  55.42708
49.29895  37.04271  59.51250
49.29895  37.04271  63.59791
49.29895  41.12812  35.31001
49.29895  41.12812  67.68333
49.29895  41.12812  39.08541
49.29895  41.12812  43.17083
49.29895  41.12812  47.25625
49.29895  41.12812  51.34166
49.29895  41.12812  55.42708
49.29895  41.12812  59.51250
49.29895  41.12812  63.59791
49.29895  45.21354  35.31001
49.29895  45.21354  67.68333
49.29895  45.21354  39.08541
49.29895  45.21354  43.17083
49.29895  45.21354  47.25625
49.29895  45.21354  51.34166
49.29895  45.21354  55.42708
49.29895  45.21354  59.51250
49.29895  45.21354  63.59791
49.29895  49.29895  35.31001
49.29895  49.29895  67.68333
49.29895  49.29895  39.08541
49.29895  49.29895  43.17083
49.29895  49.29895  47.25625
49.29895  49.29895  51.34166
49.29895  49.29895  55.42708
49.29895  49.29895  59.51250
49.29895  49.29895  63.59791
49.29895  53.38437  35.31001
49.29895  53.38437  67.68333
49.29895  53.38437  39.08541
49.29895  53.38437  43.17083
49.29895  53.38437  47.25625
49.29895  53.38437  51.34166
49.29895  53.38437  55.42708
49.29895  53.38437  59.51250
49.29895  53.38437  63.59791
49.29895  57.46979  35.31001
49.29895  57.46979  67.68333
49.29895  57.46979  39.08541
49.29895  57.46979  43.17083
49.29895  57.46979  47.25625
49.29895  57.46979  51.34166
49.29895  57.46979  55.42708
49.29895  57.46979  59.51250
49.29895  57.46979  63.59791
49.29895  61.55520  35.31001
49.29895  61.55520  67.68333
49.29895  61.55520  39.08541
49.29895  61.55520  43.17083
49.29895  61.55520  47.25625
49.29895  61.55520  51.34166
49.29895  61.55520  55.42708
49.29895  61.55520  59.51250
49.29895  61.55520  63.59791
49.29895  65.64062  35.31001
49.29895  65.64062  67.68333
49.29895  65.64062  39.08541
49.29895  65.64062  43.17083
49.29895  65.64062  47.25625
49.29895  65.64062  51.34166
49.29895  65.64062  55.42708
49.29895  65.64062  59.51250
49.29895  65.64062  63.59791
53.38437  37.04271  35.31001
53.38437  37.04271  67.68333
53.38437  37.04271  39.08541
53.38437  37.04271  43.17083
53.38437  37.04271  47.25625
53.38437  37.04271  51.34166
53.38437  37.04271  55.42708
53.38437  37.04271  59.51250
53.38437  37.04271  63.59791
53.38437  41.12812  35.31001
53.38437  41.12812  67.68333
53.38437  41.12812  39.08541
53.38437  41.12812  43.17083
53.38437  41.12812  47.25625
53.38437  41.12812  51.34166
53.38437  41.12812  55.42708
53.38437  41.12812  59.51250
53.38437  41.12812  63.59791
53.38437  45.21354  35.31001
53.38437  45.21354  67.68333
53.38437  45.21354  39.08541
53.38437  45.21354  43.17083
53.38437  45.21354  47.25625
53.38437  45.21354  51.34166
53.38437  45.21354  55.42708
53.38437  45.21354  59.51250
53.38437  45.21354  63.59791
53.38437  49.29895  35.31001
53.38437  49.29895  67.68333
53.38437  49.29895  39.08541
53.38437  49.29895  43.17083
53.38437  49.29895  47.25625
53.38437  49.29895  51.34166
53.38437  49.29895  55.42708
53.38437  49.29895  59.51250
53.38437  49.29895  63.59791
53.38437  53.38437  35.31001
53.38437  53.38437  67.68333
53.38437  53.38437  39.08541
53.38437  53.38437  43.17083
53.38437  53.38437  47.25625
53.38437  53.38437  51.34166
53.38437  53.38437  55.42708
53.38437  53.38437  59.51250
53.38437  53.38437  63.59791
53.38437  57.46979  35.31001
53.38437  57.46979  67.68333
53.38437  57.46979  39.08541
53.38437  57.46979  43.17083
53.38437  57.46979  47.25625
53.38437  57.46979  51.34166
53.38437  57.46979  55.42708
53.38437  57.46979  59.51250
53.38437  57.46979  63.59791
53.38437  61.55520  35.31001
53.38437  61.55520  67.68333
53.38437  61.55520  39.08541
53.38437  61.55520  43.17083
53.38437  61.55520  47.25625
53.38437  61.55520  51.34166
53.38437  61.55520  55.42708
53.38437  61.55520  59.51250
53.38437  61.55520  63.59791
53.38437  65.64062  35.31001
53.38437  65.64062  67.68333
53.38437  65.64062  39.08541
53.38437  65.64062  43.17083
53.38437  65.64062  47.25625
53.38437  65.64062  51.34166
53.38437  65.64062  55.42708
53.38437  65.64062  59.51250
53.38437  65.64062  63.59791
57.46979  37.04271  35.31001
57.46979  37.04271  67.68333
57.46979  37.04271  39.08541
57.46979  37.04271  43.17083
57.46979  37.04271  47.25625
57.46979  37.04271  51.34166
57.46979  37.04271  55.42708
57.46979  37.04271  59.51250
57.46979  37.04271  63.59791
57.46979  41.12812  35.31001
57.46979  41.12812  67.68333
57.46979  41.12812  39.08541
57.46979  41.12812  43.17083
57.46979  41.12812  47.25625
57.46979  41.12812  51.34166
57.46979  41.12812  55.42708
57.46979  41.12812  59.51250
57.46979  41.12812  63.59791
57.46979  45.21354  35.31001
57.46979  45.21354  67.68333
57.46979  45.21354  39.08541
57.46979  45.21354  43.17083
57.46979  45.21354  47.25625
57.46979  45.21354  51.34166
57.46979  45.21354  55.42708
57.46979  45.21354  59.51250
57.46979  45.21354  63.59791
57.46979  49.29895  35.31001
57.46979  49.29895  67.68333
57.46979  49.29895  39.08541
57.46979  49.29895  43.17083
57.46979  49.29895  47.25625
57.46979  49.29895  51.34166
57.46979  49.29895  55.42708
57.46979  49.29895  59.51250
57.46979  49.29895  63.59791
57.46979  53.38437  35.31001
57.46979  53.38437  67.68333
57.46979  53.38437  39.08541
57.46979  53.38437  43.17083
57.46979  53.38437  47.25625
57.46979  53.38437  51.34166
57.46979  53.38437  55.42708
57.46979  53.38437  59.51250
57.46979  53.38437  63.59791
57.46979  57.46979  35.31001
57.46979  57.46979  67.68333
57.46979  57.46979  39.08541
57.46979  57.46979  43.17083
57.46979  57.46979  47.25625
57.46979  57.46979  51.34166
57.46979  57.46979  55.42708
57.46979  57.46979  59.51250
57.46979  57.46979  63.59791
57.46979  61.55520  35.31001
57.46979  61.55520  67.68333
57.46979  61.55520  39.08541
57.46979  61.55520  43.17083
57.46979  61.55520  47.25625
57.46979  61.55520  51.34166
57.46979  61.55520  55.42708
57.46979  61.55520  59.51250
57.46979  61.55520  63.59791
57.46979  65.64062  35.31001
57.46979  65.64062  67.68333
57.46979  65.64062  39.08541
57.46979  65.64062  43.17083
57.46979  65.64062  47.25625
57.46979  65.64062  51.34166
57.46979  65.64062  55.42708
57.46979  65.64062  59.51250
57.46979  65.64062  63.59791
61.55520  37.04271  35.31001
61.55520  37.04271  67.68333
61.55520  37.04271  39.08541
61.55520  37.04271  43.17083
61.55520  37.04271  47.25625
61.55520  37.04271  51.34166
61.55520  37.04271  55.42708
61.55520  37.04271  59.51250
61.55520  37.04271  63.59791
61.55520  41.12812  35.31001
61.55520  41.12812  67.68333
61.55520  41.12812  39.08541
61.55520  41.12812  43.17083
61.55520  41.12812  47.25625
61.55520  41.12812  51.34166
61.55520  41.12812  55.42708
61.55520  41.12812  59.51250
61.55520  41.12812  63.59791
61.55520  45.21354  35.31001
61.55520  45.21354  67.68333
61.55520  45.21354  39.08541
61.55520  45.21354  43.17083
61.55520  45.21354  47.25625
61.55520  45.21354  51.34166
61.55520  45.21354  55.42708
61.55520  45.21354  59.51250
61.55520  45.21354  63.59791
61.55520  49.29895  35.31001
61.55520  49.29895  67.68333
61.55520  49.29895  39.08541
61.55520  49.29895  43.17083
61.55520  49.29895  47.25625
61.55520  49.29895  51.34166
61.55520  49.29895  55.42708
61.55520  49.29895  59.51250
61.55520  49.29895  63.59791
61.55520  53.38437  35.31001
61.55520  53.38437  67.68333
61.55520  53.38437  39.08541
61.55520  53.38437  43.17083
61.55520  53.38437  47.25625
61.55520  53.38437  51.34166
61.55520  53.38437  55.42708
61.55520  53.38437  59.51250
61.55520  53.38437  63.59791
61.55520  57.46979  35.31001
61.55520  57.46979  67.68333
61.55520  57.46979  39.08541
61.55520  57.46979  43.17083
61.55520  57.46979  47.25625
61.55520  57.46979  51.34166
61.55520  57.46979  55.42708
61.55520  57.46979  59.51250
61.55520  57.46979  63.59791
61.55520  61.55520  35.31001
61.55520  61.55520  67.68333
61.55520  61.55520  39.08541
61.55520  61.55520  43.17083
61.55520  61.55520  47.25625
61.55520  61.55520  51.34166
61.55520  61.55520  55.42708
61.55520  61.55520  59.51250
61.55520  61.55520  63.59791
61.55520  65.64062  35.31001
61.55520  65.64062  67.68333
61.55520  65.64062  39.08541
61.55520  65.64062  43.17083
61.55520  65.64062  47.25625
61.55520  65.64062  51.34166
61.55520  65.64062  55.42708
61.55520  65.64062  59.51250
61.55520  65.64062  63.59791
65.64062  37.04271  35.31001
65.64062  37.04271  67.68333
65.64062  37.04271  39.08541
65.64062  37.04271  43.17083
65.64062  37.04271  47.25625
65.64062  37.04271  51.34166
65.64062  37.04271  55.42708
65.64062  37.04271  59.51250
65.64062  37.04271  63.59791
65.64062  41.12812  35.31001
65.64062  41.12812  67.68333
65.64062  41.12812  39.08541
65.64062  41.12812  43.17083
65.64062  41.12812  47.25625
65.64062  41.12812  51.34166
65.64062  41.12812  55.42708
65.64062  41.12812  59.51250
65.64062  41.12812  63.59791
65.64062  45.21354  35.31001
65.64062  45.21354  67.68333
65.64062  45.21354  39.08541
65.64062  45.21354  43.17083
65.64062  45.21354  47.25625
65.64062  45.21354  51.34166
65.64062  45.21354  55.42708
65.64062  45.21354  59.51250
65.64062  45.21354  63.59791
65.64062  49.29895  35.31001
65.64062  49.29895  67.68333
65.64062  49.29895  39.08541
65.64062  49.29895  43.17083
65.64062  49.29895  47.25625
65.64062  49.29895  51.34166
65.64062  49.29895  55.42708
65.64062  49.29895  59.51250
65.64062  49.29895  63.59791
65.64062  53.38437  35.31001
65.64062  53.38437  67.68333
65.64062  53.38437  39.08541
65.64062  53.38437  43.17083
65.64062  53.38437  47.25625
65.64062  53.38437  51.34166
65.64062  53.38437  55.42708
65.64062  53.38437  59.51250
65.64062  53.38437  63.59791
65.64062  57.46979  35.31001
65.64062  57.46979  67.68333
65.64062  57.46979  39.08541
65.64062  57.46979  43.17083
65.64062  57.46979  47.25625
65.64062  57.46979  51.34166
65.64062  57.46979  55.42708
65.64062  57.46979  59.51250
65.64062  57.46979  63.59791
65.64062  61.55520  35.31001
65.64062  61.55520  67.68333
65.64062  61.55520  39.08541
65.64062  61.55520  43.17083
65.64062  61.55520  47.25625
65.64062  61.55520  51.34166
65.64062  61.55520  55.42708
65.64062  61.55520  59.51250
65.64062  61.55520  63.59791
65.64062  65.64062  35.31001
65.64062  65.64062  67.68333
65.64062  65.64062  39.08541
65.64062  65.64062  43.17083
65.64062  65.64062  47.25625
65.64062  65.64062  51.34166
65.64062  65.64062  55.42708
65.64062  65.64062  59.51250
65.64062  65.64062  63.59791
